663.027,0.153025152,0.146245557,0.150119611,0.160773261,0.139465962,0.146245557,0.149151098,0.146245557,0.138497448,0.151088125,0.216947051,0.140434475,0.236317324,0.161741775,0.218884079,0.155930693,0.232443269
663.085,0.162972304,0.159092011,0.17655333,0.157151865,0.167822671,0.172673037,0.149391279,0.172673037,0.151331426,0.141630693,0.238638017,0.151331426,0.250278896,0.172673037,0.224086919,0.166852597,0.237667944
663.143,0.160229954,0.155374501,0.165085407,0.148576867,0.164114317,0.15343232,0.15343232,0.143721414,0.164114317,0.151490139,0.26122338,0.143721414,0.268021014,0.183536129,0.242772658,0.159258864,0.256367927
663.202,0.165252301,0.157475722,0.162336084,0.164280229,0.174973025,0.163308157,0.159419867,0.141922565,0.153587433,0.161364012,0.25954332,0.150671216,0.281900985,0.168168518,0.25954332,0.175945097,0.254682959
663.26,0.188725133,0.178997033,0.184833893,0.193589182,0.176078603,0.177051413,0.173160173,0.157595214,0.174132983,0.169268933,0.270441169,0.149812734,0.290870179,0.198453232,0.276278029,0.176078603,0.291842988
663.318,0.182005762,0.182979055,0.192711983,0.165459784,0.180059176,0.176166005,0.168379662,0.173246126,0.183952348,0.186872226,0.279335046,0.166433076,0.327026396,0.214124426,0.286148096,0.193685276,0.320213346
663.377,0.194172872,0.196114601,0.192231143,0.197085465,0.181551635,0.191260279,0.187376822,0.180580771,0.188347686,0.193202008,0.313589188,0.185435093,0.343685984,0.222327939,0.308734867,0.208735838,0.329123018
663.435,0.22481533,0.215083065,0.192698855,0.203404346,0.207297253,0.179073683,0.190752401,0.195618534,0.196591761,0.206324026,0.334789929,0.185886269,0.368852858,0.22481533,0.334789929,0.216056291,0.359120593
663.493,0.223227341,0.215429006,0.210555046,0.207630671,0.216403798,0.194958376,0.187160041,0.193983585,0.190084417,0.209580255,0.348975494,0.18131129,0.381143626,0.246622346,0.356773829,0.21250463,0.365546956
663.551,0.238721621,0.228003508,0.223131638,0.21631102,0.235798499,0.214362272,0.212413524,0.195849167,0.219234142,0.224106012,0.398518952,0.191951671,0.410211439,0.26308097,0.392672708,0.239695995,0.410211439
663.609,0.252791442,0.238151011,0.232294839,0.222534551,0.229366753,0.247911299,0.235222925,0.211798235,0.221558523,0.232294839,0.414812212,0.202037948,0.473373936,0.277192161,0.406027953,0.250839385,0.444093074
663.668,0.266947254,0.257204653,0.242590752,0.245513532,0.246487793,0.224079811,0.230899632,0.221157031,0.237719452,0.258178913,0.422828861,0.226028331,0.496872625,0.275715594,0.422828861,0.258178913,0.464722044
663.726,0.28344616,0.25617299,0.262991282,0.244484488,0.2727317,0.237666196,0.239614279,0.246432572,0.254224906,0.260069157,0.508449812,0.237666196,0.536697024,0.313641455,0.49091706,0.273705742,0.523060439
663.784,0.285036092,0.299628383,0.286008911,0.288927369,0.27141662,0.274335078,0.257797148,0.268498161,0.257797148,0.281144814,0.535050684,0.246123315,0.610930599,0.335622702,0.509757379,0.306438119,0.557425531
663.842,0.318645125,0.300130576,0.313772875,0.295258327,0.282590478,0.279667128,0.292334977,0.25530588,0.276743778,0.288437177,0.597337803,0.24945918,0.656779248,0.343980823,0.558359806,0.326440724,0.587593304
663.9,0.354952267,0.316921667,0.331548821,0.323747672,0.318871954,0.284741928,0.289617646,0.258413051,0.286692215,0.309120518,0.625067041,0.278891067,0.738183698,0.377380569,0.600688451,0.327648246,0.663097641
663.958,0.377718502,0.357274975,0.356301474,0.333910944,0.347539962,0.326122934,0.314440918,0.311520414,0.311520414,0.333910944,0.717470454,0.296917895,0.791456553,0.425420066,0.698000428,0.346566461,0.716496953
664.017,0.407889101,0.374790701,0.380631595,0.375764184,0.36602936,0.339745337,0.347533196,0.316381761,0.342665784,0.362135431,0.749581403,0.298859079,0.88976286,0.446828395,0.749581403,0.402048207,0.795335073
664.075,0.419682324,0.382765823,0.410938942,0.385680284,0.373050954,0.36819352,0.357507165,0.327391072,0.355564191,0.379851363,0.834507213,0.319619177,0.964686453,0.466313693,0.789818818,0.409967455,0.848108029
664.133,0.452250531,0.433731652,0.424959551,0.407415349,0.424959551,0.395719215,0.395719215,0.350884033,0.397668571,0.38889647,0.933741398,0.358681456,1.076044367,0.518528626,0.87818476,0.454199887,0.947386889
664.191,0.498954433,0.42892574,0.454213879,0.433788844,0.438651948,0.417254292,0.409473326,0.400719739,0.421144775,0.445460293,1.010552935,0.386130428,1.195350873,0.560229538,0.979429072,0.494091329,1.076691144
664.249,0.544331015,0.484280263,0.491060186,0.483311702,0.457160568,0.437789357,0.415512465,0.415512465,0.428103752,0.452317765,1.139027178,0.406795421,1.325959359,0.601476086,1.077039304,0.514305639,1.128373012
664.307,0.5978609,0.519246074,0.530892715,0.508569987,0.524098841,0.501776113,0.483335598,0.426072947,0.453248442,0.494982239,1.252013898,0.42995516,1.508239998,0.656094105,1.187957373,0.557097657,1.300541569
664.365,0.6323344,0.588691688,0.575113956,0.542139463,0.57802347,0.530501406,0.507225293,0.472311124,0.501406265,0.544079139,1.379109689,0.493647561,1.682668994,0.708951605,1.344195519,0.597420231,1.446998351
664.423,0.690074509,0.609002818,0.619619349,0.594525731,0.613828514,0.553989885,0.522140293,0.519244875,0.533721963,0.561710999,1.555804347,0.495116396,1.921592094,0.776937034,1.465081265,0.658224916,1.59923561
664.481,0.740267039,0.697633858,0.714105769,0.652093871,0.681161948,0.61430537,0.585237292,0.583299421,0.605584947,0.634653024,1.741177838,0.569734318,2.161696025,0.873011259,1.653973606,0.73057768,1.85938802
664.539,0.82160193,0.763469718,0.764438588,0.706306376,0.727621521,0.688866713,0.657862866,0.609419356,0.640423203,0.67433366,2.006530185,0.607481616,2.421206631,0.937866354,1.875732708,0.777033901,2.052067085
664.597,0.890475405,0.81675413,0.841974566,0.796383777,0.783773559,0.736242737,0.70811225,0.671251613,0.716842401,0.763403207,2.241708782,0.665431512,2.753877642,1.036947939,2.114636583,0.878835204,2.315430057
664.655,1.013326604,0.933735817,0.918205907,0.877439894,0.890057946,0.826967688,0.791054772,0.735729469,0.820173353,0.85414503,2.552728896,0.751259379,3.162277849,1.147272074,2.387723606,0.985178642,2.62261349
664.713,1.117112931,1.006756888,1.020309384,0.973843682,0.996108497,0.938026369,0.840254787,0.82670229,0.858647461,0.914793518,2.885713733,0.817021936,3.63400515,1.298135564,2.658225397,1.069679193,2.951540144
664.771,1.219264377,1.117659012,1.123465033,1.047986762,1.10024095,0.987991214,0.917351293,0.850582054,0.946381398,0.993797234,3.290078478,0.898965561,4.034216816,1.44473152,3.087835419,1.197007964,3.361686068
664.829,1.380510441,1.20649652,1.239365816,1.165893271,1.17266048,1.092420727,1.033449343,0.983178654,1.034416087,1.162026295,3.74516628,1.01121423,4.599767981,1.606728538,3.495746326,1.30800464,3.811871616
664.887,1.524778864,1.356753834,1.360616478,1.277569624,1.32681834,1.237011858,1.148171038,1.045810962,1.155896327,1.228320908,4.209316698,1.073815134,5.285063154,1.779713392,3.911893082,1.404071227,4.364788134
664.944,1.69565428,1.508647837,1.548374594,1.420473814,1.494113657,1.344896081,1.274163073,1.170485926,1.31001405,1.407877525,4.895111671,1.18405116,6.086914394,1.976648418,4.508502495,1.601666586,4.992006201
665.002,1.903582759,1.678209394,1.683045732,1.594057107,1.634682349,1.507970286,1.41511259,1.296138667,1.422850731,1.509904821,5.583068947,1.307745879,6.857927726,2.275013542,5.174881993,1.805888726,5.756209858
665.06,2.123244704,1.890652898,1.936013126,1.776769773,1.842397336,1.701491097,1.584712638,1.466003957,1.569270858,1.71210732,6.285769435,1.455387733,7.841528736,2.556579646,5.934468948,2.021908025,6.476861458
665.118,2.417822031,2.171794649,2.125483613,2.013565274,2.099433655,1.907435816,1.777186026,1.631499223,1.786834158,1.887174737,7.286269742,1.643076982,8.992059587,2.882862022,6.773953901,2.315551825,7.517824925
665.176,2.672053846,2.430016489,2.422302151,2.221729362,2.298872742,2.086728446,1.973906252,1.846619673,2.010549357,2.10987146,8.321842184,1.803226522,10.18099766,3.226521894,7.76930272,2.557303067,8.608236984
665.234,3.044340216,2.732943281,2.743581065,2.576277743,2.618828877,2.36062086,2.193317538,2.031816643,2.25037474,2.403171994,9.529519849,2.024080073,11.59228277,3.725158358,8.979256322,2.900246603,9.84575214
665.291,3.479370234,3.062812298,3.089874066,2.858882542,2.923637488,2.660751737,2.456821982,2.314747697,2.508046044,2.754501435,10.81117651,2.311848222,13.09596296,4.205205524,10.18005741,3.313133656,11.13301826
665.349,3.978167415,3.479688934,3.521228807,3.20243443,3.36762788,3.017920108,2.839202048,2.604453461,2.87494566,3.133845336,12.3547312,2.549388977,14.76017968,4.803168623,11.68622905,3.770468048,12.71892962
665.407,4.417477132,3.868063655,3.929752186,3.67625088,3.785169692,3.423713457,3.223225732,2.883938813,3.169248267,3.518174019,13.93389688,2.881047163,16.34360512,5.355335576,13.45677465,4.187109025,14.43704396
665.465,5.054987459,4.453984179,4.550453405,4.163611808,4.305421571,3.890603897,3.592513988,3.300212232,3.613737218,3.893497974,15.88655219,3.26065985,18.44781015,6.215512252,15.29712522,4.892919159,16.50106116
665.523,5.838655527,5.072645532,5.098693731,4.726300963,4.878731163,4.400216104,4.073166496,3.781812569,4.070272252,4.509232639,17.83819245,3.741293148,20.77681517,7.096687055,17.54587377,5.498099446,18.70743049
665.58,6.658514039,5.75337981,5.860262682,5.48280245,5.682124562,5.030235335,4.661441282,4.217540346,4.663367099,5.092824404,20.16619805,4.262797057,22.89315564,8.135616069,19.95917267,6.34075415,20.94904287
665.638,7.639096584,6.698439957,6.79009368,6.189038215,6.458210726,5.785761835,5.321704566,4.870189386,5.343894415,5.865838246,22.84589633,4.844140433,25.55402263,9.403671938,22.40499368,7.267657813,23.80584847
665.696,8.694899441,7.633044465,7.714799604,7.074224048,7.253123527,6.508670854,6.074887707,5.556463946,6.076811357,6.690455809,25.3537112,5.534341967,28.28343064,10.69453395,25.23444488,8.294780175,26.50886322
665.753,10.041954,8.781405218,8.895211458,8.158364276,8.382118918,7.545932391,7.030910932,6.428123644,6.89588658,7.598013213,28.29628201,6.298886049,31.23691952,12.38173313,28.60876694,9.579977817,29.71307325
665.811,11.51625176,10.03012804,10.13634871,9.319415207,9.773267155,8.602908515,7.969447073,7.2761158,7.969447073,8.750651809,31.57361092,7.168929489,34.44156898,14.21908496,31.92993298,11.08460959,33.04042179
665.869,13.27910661,11.54990533,11.71606322,10.76645156,11.13644268,9.874801963,9.214034545,8.367788554,9.130955601,9.988794003,34.88639437,8.314656671,37.85211948,16.33370687,35.69110089,12.76904053,36.75856872
665.926,15.19701985,13.16746929,13.38654108,12.29986778,12.71002422,11.33286366,10.55018867,9.587044847,10.43920517,11.57606231,38.32887791,9.397890348,41.02239937,18.5844295,39.38563391,14.72220346,40.4279138
665.984,17.4627311,15.24055165,15.28289721,14.12898072,14.61018026,13.0164474,12.00400358,10.90013185,12.00977797,13.16369446,42.0433657,10.85778629,44.66590316,21.24784663,43.37532601,16.75536778,43.96527664
666.042,19.80827292,17.36120459,17.45735659,16.19872695,16.63333397,14.84971443,13.77569662,12.52475914,13.7218515,15.07855618,46.06930636,12.5420665,48.25580277,24.23030326,47.4769716,19.08905598,48.20676525
666.099,22.73440282,19.86661919,19.98594978,18.51548892,19.06017534,17.01904478,15.89310288,14.50059184,15.85942086,17.35394032,50.19391222,14.37644953,52.13303437,27.5923128,51.7355865,21.91256147,52.34763697
666.157,25.98629859,22.66819978,22.95517571,21.25071261,21.93288435,19.57813572,18.22925222,16.61465027,18.10460611,19.85448291,54.33990705,16.59822403,56.50237214,31.30549892,56.50043964,24.87994357,56.95361039
666.214,29.2887877,25.83498948,26.15432111,24.13703282,24.88278311,22.35996681,20.98905976,19.0084319,20.72761302,22.66772146,58.46952361,18.95922975,60.29386227,35.29627414,60.83315646,28.22467054,60.79842553
666.272,32.99879605,29.07873826,29.46785456,27.46255719,28.15121599,25.33686492,23.78714183,21.70575488,23.636889,25.90512882,62.52155069,21.67974958,64.2947267,39.51360462,64.99590657,31.98747893,64.95160125
666.329,37.31333205,33.11306193,33.41018715,30.94153965,31.89658499,28.8278989,27.24580359,24.68551032,26.80590392,29.45398418,66.69785838,24.66525178,68.12174416,43.88192167,69.19737604,35.9347868,69.04977812
666.387,41.40619723,37.16502456,37.55874434,35.10378569,35.8101653,32.58899708,30.7207581,28.13745452,30.41967827,33.04061683,70.93518099,28.15771951,71.96773042,48.49894333,73.04466983,40.10344794,72.78701497
666.444,46.21352657,41.42415459,42.05120773,39.05603865,40.22898551,36.71304348,34.63091787,31.93429952,34.31594203,37.23768116,74.67246377,31.86086957,75.59227053,53.31497585,77.00483092,44.74782609,76.80772947
666.502,50.78667954,45.85907336,46.44498069,43.78185328,44.71332046,40.99903475,38.78957529,35.8523166,38.61196911,41.6969112,77.86776062,35.91698842,78.77123552,58.10907336,79.99517375,49.253861,80.0019305
666.559,55.52117878,50.40752594,51.38500807,48.28239662,49.35656344,45.61099885,43.24802522,40.18698818,42.86998811,46.31776388,80.87576985,40.15894962,81.41236984,63.14863336,83.29965484,53.84466639,82.642199
666.617,60.00907765,55.273247,55.94441386,53.18924974,54.41859567,50.43987987,47.84019469,44.63114794,47.62677328,50.71124373,83.55689467,44.64756497,84.06485693,67.2335371,85.70559434,58.89175382,85.1493467
666.674,64.95631392,60.03715494,60.7512264,58.0120173,58.94766379,55.16347205,52.73485501,49.54572283,52.43393871,56.10008611,85.94595118,49.60184227,86.22461321,71.65581368,87.60147459,63.39658058,87.22024944
666.732,69.22720158,64.69263919,65.02792432,62.53695866,63.67712138,59.76578352,57.38400294,54.20893965,57.15307168,60.41896149,87.53164435,54.36547046,87.86596324,75.80439446,88.94718534,67.88799351,88.76649854
666.789,73.42621459,68.82249288,69.65997328,66.87740836,67.98210793,64.66123192,62.56220591,59.16000232,62.08392231,65.147261,89.38578317,59.30619832,89.40030595,79.4512325,90.65701063,72.44350638,90.21067715
666.847,77.05196838,73.19540807,73.53168545,71.28886999,72.21943065,69.08084185,66.8177338,63.91879095,66.46986066,69.70508088,90.05855865,63.89946466,90.29820459,82.59088186,91.1311675,76.21900547,91.08285179
666.904,80.2405465,77.01068235,77.58253667,75.14030267,75.80988505,73.22831598,71.47211364,68.25869877,70.96218601,73.98498278,90.97902233,68.86441924,91.17834888,85.2479003,91.93114526,79.81093006,91.84889887
666.961,83.11621744,79.88994304,80.59496523,78.79130763,79.37930968,76.77682034,75.19076218,72.59214128,74.79134631,77.50698736,91.66062224,72.62018743,91.73315539,87.32410712,92.22057814,82.86863763,91.99814315
667.019,84.92810483,82.63596305,83.55881102,81.4705655,82.18468556,79.98917707,78.57253295,76.00401995,78.13864945,80.91202505,91.76587685,76.39151946,91.74365119,89.13648487,92.24614433,85.69440686,92.20749101
667.076,87.03008973,85.31095297,85.44825186,84.02208385,84.98220916,82.85504332,81.73538057,79.96306467,81.42694152,83.70881033,91.89839882,79.90118348,92.142056,90.39874691,92.34993812,87.59959004,92.50754177
667.134,88.21940538,86.8640389,87.04346819,86.34215045,86.5929656,85.50963709,84.00378152,82.43136347,83.88802068,85.85788428,91.81956744,82.83556173,91.9748799,91.11535568,92.06652389,89.29212247,92.35978468
667.191,89.55448991,88.68145255,88.7510635,87.91669889,88.41944466,87.26216258,86.50514348,85.23861087,86.42586434,87.92249981,92.2673834,85.56249517,92.29252069,92.19873927,92.13589605,90.69823652,92.43174259
667.248,90.17612033,89.92769594,89.80106716,89.30035185,89.63577311,88.7194061,87.96736651,87.12349689,88.57537795,89.54974288,92.12678344,87.45505162,92.21184704,92.59559989,92.52020261,91.65893361,92.33267602
667.305,90.90215765,90.68397934,90.71873341,90.1143988,90.41656611,89.8016122,89.38939036,88.57073901,89.35849785,90.54882464,91.74977072,88.98682242,92.04518029,92.5964184,92.13882319,92.05193802,91.9080948
667.363,91.31133107,91.25521272,91.36357919,90.77627161,91.06653895,90.85851402,90.66306735,90.21799077,90.46858824,91.29294747,92.08344218,90.59920854,92.08731241,92.775246,92.17052238,92.71235475,92.21890027
667.42,91.15908233,91.73867188,91.77834328,91.3274439,91.66706983,91.57805107,91.55482878,90.85235464,91.42613862,91.83252862,91.60998171,91.10586459,91.96218638,92.66659571,91.85284812,92.6878828,92.17505733
667.477,91.31869086,91.58877603,91.41322067,91.48556491,91.40839772,91.56080292,91.56080292,91.3717433,91.19811712,91.54729867,91.27335513,91.5058213,91.58105931,92.38359811,91.30711578,92.83020324,91.87429464
667.534,91.29251438,91.57723044,91.8300969,91.39578427,91.89862178,91.54731112,91.64865074,91.6698838,91.83202718,91.89476122,91.56275335,91.63706907,91.50581014,92.20843146,91.75288577,92.89174999,91.97390264
667.592,91.40369021,91.9613775,91.71974522,91.41045591,91.89372046,91.63952331,91.88985434,91.67335183,91.93334815,92.24650358,91.58346462,91.98940684,91.67625141,92.26776722,91.66755265,92.50070073,91.78740226
667.649,91.27821441,92.04769832,91.73603314,91.75055171,91.95090789,91.64117852,91.82991986,92.11351582,92.10770839,92.03898718,91.52019048,92.03511557,91.81152968,92.39711177,91.78346045,92.93817027,91.97607341
667.706,90.93856128,91.45666101,91.25115776,91.37079345,91.52419728,91.50972522,91.40166718,91.59076876,91.58497993,91.76250386,91.24150973,91.84065298,91.73452454,91.64479778,91.39877277,92.08088916,91.85994906
667.763,90.63053694,91.18230491,90.89727294,91.02341884,91.36044989,91.24393344,91.12741699,91.61851937,91.12356521,91.50585471,91.12934289,91.44904091,91.64259302,91.68688853,91.45481858,91.92473615,91.63392651
667.82,90.49542661,90.99460426,91.1581114,90.82147907,91.26294832,90.956132,90.71471853,91.09944119,91.37259428,91.1013648,91.29853517,91.10713564,91.60438969,91.25525387,91.13791346,91.61977859,91.70057035
667.878,90.26376401,91.19276841,91.20626018,91.06845143,91.07616101,91.04821379,91.01062958,91.43272909,91.4308017,91.14458354,91.4683859,91.05014118,91.53873582,91.18216774,91.69678221,91.71605616,91.71123768
667.935,90.63888862,91.25685694,91.18647989,90.66491849,91.0833245,90.76036133,90.73529554,91.17587513,91.4236409,91.26456949,91.84975946,91.32819806,91.94327417,91.33591061,91.49112574,91.50365864,91.89603478
667.992,90.81600154,91.09298847,90.91058244,91.06403513,91.31978961,91.12869758,90.88935,91.12966269,90.898036,91.20011581,91.69521787,90.88162911,92.15075037,91.59967186,91.68363654,91.6884621,92.15750615
668.049,90.70226159,91.24276031,91.06968469,90.92851687,91.51639384,90.96139157,91.07548611,91.09772488,91.25629696,90.93141758,92.05979328,90.81538923,92.38080504,91.41970355,92.32182397,91.67786663,92.27637953
668.106,90.30884535,91.19800397,90.92345336,90.54871587,91.19126062,90.70477622,90.59880932,90.78665973,90.92249003,90.87046992,92.00238907,90.51114579,92.42336666,91.4841146,91.93013891,91.39259773,92.48309346
668.163,90.52452816,91.25689915,91.10830213,90.65479177,91.09286348,90.76479216,90.51198425,90.79663437,91.10154772,90.92979274,92.4302366,90.70689722,92.48523679,91.71523409,92.40611371,91.3833031,92.71006214
668.22,90.9049717,90.96667213,91.00909117,91.01583966,91.23661149,90.59454144,90.59550551,90.6957687,90.9425704,90.84712756,92.36939273,90.58779296,92.98832512,91.48148505,92.53617669,91.27035391,92.57570353
668.277,90.98438901,91.40286764,91.15023768,90.89857197,91.14445227,90.56880309,90.57940969,91.28908774,90.93521295,90.91303551,92.54259515,90.80311256,93.27734334,91.84159523,93.08449604,91.26594606,92.94661023
668.334,90.92414962,91.01275088,91.10713047,90.90777765,91.34596864,90.64967834,90.3675026,90.77198659,90.96748719,90.73442737,92.447706,90.5630032,92.85122693,91.81594052,92.80211102,91.60503101,92.92153011
668.391,90.9059351,91.51535606,91.65228292,91.25114507,91.40350031,90.96861289,90.73333012,90.83747167,91.36589364,91.28393038,92.96755219,90.79407936,93.22597753,92.13827684,93.09580059,91.64360445,93.15269273
668.448,91.70316231,91.94775564,91.42279842,91.51174145,91.90135058,91.35222406,91.13953421,91.0844282,91.53881106,91.48273829,93.43078396,91.20720825,93.87356555,92.46014482,93.2770672,92.11114011,93.69084564
668.505,91.40630275,91.8191552,91.72751739,91.43138257,92.06127193,91.46128544,91.33106329,91.49504674,91.54520638,91.62141045,93.33262595,91.06579595,93.75801831,92.59373583,93.52651226,92.09889166,93.71075249
668.562,91.60708074,91.90758706,92.17234182,91.72882928,92.19166699,91.65056236,91.57809299,91.69114521,91.97909017,91.62640591,93.71545627,91.11525529,93.81401461,92.62165192,93.91450547,92.63904456,93.98504232
668.619,91.4808948,92.18985434,92.15315072,91.98315497,92.0642893,91.79673917,91.60066453,91.61418692,92.11837886,91.80639802,93.68311247,91.3649886,93.96515087,93.06301433,93.89367539,92.44001854,93.96901441
668.676,91.61783415,92.14599638,92.0737114,92.0602182,92.00142642,91.89251706,91.55615097,91.62361695,91.83083388,91.96576584,93.52326612,91.52723698,93.99552797,92.66162921,93.66590848,92.51995065,93.98588997
668.733,92.0430315,92.20512326,92.35756669,92.35370737,92.89401322,91.95426697,92.3064306,91.74103912,92.38072266,92.24371653,94.33450721,91.85874861,94.21872739,93.34266004,93.80867384,93.06575329,93.92445366
668.79,91.95893762,92.88630804,92.4674024,92.47510641,92.65615069,92.12168487,92.14672291,92.22954103,92.36243524,92.28443212,93.85605054,91.93486258,94.14783999,93.01438724,93.90034861,92.81504594,93.95235069
668.847,91.89745959,92.7580597,92.75709706,92.26133749,92.84758522,92.50296012,92.29888045,92.36241469,92.58959771,92.32872229,94.00467843,91.89457167,94.22030978,93.29713807,94.26266594,93.06706712,93.95173323
668.904,92.15337246,92.56903685,92.8288271,92.45068796,92.41893582,92.21014144,92.42951987,92.06870009,92.69989416,92.52381411,94.28557683,92.35446935,94.52804772,93.65053401,94.01231598,93.35321851,94.26440874
668.961,92.38378988,93.07801336,93.38366454,92.94591806,93.37884354,93.18793208,92.6267681,92.52745557,93.01437621,92.85046233,94.46453193,92.20444882,94.59759143,93.95447051,94.26108588,93.80598382,94.62362481
669.018,92.45384979,93.12644144,93.26636366,93.19785002,93.51725868,93.10038696,93.05406788,92.81378765,93.33294734,92.9421301,94.57101777,92.85045692,94.85954704,94.10300206,94.26029393,93.88009148,94.51504888
669.074,92.46371221,93.28832522,93.36644645,93.05010368,93.30472103,93.1571587,93.12050923,93.0925399,93.66446448,93.38477118,94.90379515,93.01731205,94.72151227,94.31740367,94.6443555,94.14669431,94.39552491
669.131,93.09184768,93.60227372,93.764682,93.51140241,93.849753,93.91162283,93.54523747,93.88165463,93.6979786,93.79271676,94.89960655,93.58100596,95.28242607,94.47618495,94.99047785,94.41818199,95.08134915
669.188,92.39875749,93.30371311,93.31236837,93.31525345,93.45662272,93.24985815,93.26236019,93.42488676,93.49028207,93.52009463,94.49621573,93.14503332,94.95686795,94.34138273,94.40293125,93.96535972,94.5241049
669.245,92.96160525,93.71213583,93.83658113,93.84526336,94.14045919,94.09704804,93.72274744,93.96970866,94.12213004,93.68319506,95.1244453,93.80378159,95.19197376,94.68068686,94.83117885,94.25429288,94.55238279
669.302,92.62612574,93.3719712,93.48346357,93.59111137,93.60072278,93.8025624,93.66704151,93.65454668,93.59591707,93.61513989,94.89537979,93.31910845,95.04147324,94.399431,94.48785598,94.16106802,94.35137395
669.358,92.39584336,93.72462234,93.48407582,93.40036563,93.66785336,93.91224863,93.50716829,93.85644184,93.79871067,93.95747137,94.84845569,93.65438276,95.2766285,94.33272395,94.56557298,94.2326566,94.53382084
669.415,93.01647104,94.0066657,94.26073516,93.90426508,94.20953485,94.2926146,94.31773173,94.64811863,94.18151959,94.11679467,95.32628122,94.10133797,95.50016906,95.11375163,95.24126938,94.8403613,94.9157127
669.472,92.49706465,93.86079726,94.06867746,93.82903778,93.97243663,94.33718938,94.11679788,94.19860258,94.14855735,94.12160992,95.19180798,94.3160164,95.46128231,94.69520528,94.52774623,94.57875387,94.84149135
669.529,92.95143573,94.01811524,94.16072461,93.97282713,93.83792638,94.51339372,94.39005589,94.39294662,94.43341684,94.25515514,95.20042397,94.37752939,95.40566583,95.02698015,94.78512237,94.79475814,94.81113895
669.585,92.85232831,94.41416631,94.00878173,93.88360359,94.15610677,94.70207603,94.64911605,94.35157724,94.54608481,94.36120633,95.29330201,94.54030736,95.68231714,95.12671879,94.62504333,94.88310288,94.85036398
669.642,92.97486074,94.1813144,94.21691152,93.91577914,94.21691152,94.57480686,94.42953214,94.39778336,94.39201085,94.54402017,95.40797183,94.3217787,95.51283901,94.97022349,94.6517736,94.66716695,94.45166008
669.699,93.22982627,94.44890225,94.31452354,94.304856,94.52624252,95.00575218,94.91584412,95.11209505,95.11402856,95.2126374,95.81685824,94.98545036,95.96477151,95.24840727,95.21360415,95.35378339,95.1981361
669.755,92.68053526,94.12827809,94.12251019,93.89660078,94.24363608,94.39456279,94.53491502,94.78485734,94.65411828,94.71468123,95.3203107,94.64642775,95.41548104,94.77812812,94.53683765,94.65219565,94.77812812
669.812,92.85844995,94.42641266,94.42256017,94.06909438,94.34165792,95.01391711,94.67008254,94.77698909,94.91856803,94.85789134,95.41264965,95.00813838,95.62357338,95.01199087,94.74520606,94.7991409,94.68645561
669.869,93.04403195,94.19982248,94.24999035,94.33488982,94.44969706,94.86454675,94.86744105,95.17134257,95.39709798,95.17423687,95.6749508,95.0314514,96.03094972,95.13178713,94.94076332,95.25431251,94.69185351
669.925,92.82229429,94.184894,94.17912028,93.95490719,94.25899018,94.70068034,95.08848238,94.82289091,95.05672687,95.12023788,95.20010778,95.12120017,95.8284818,95.31462004,94.84598582,95.01727307,94.64198077
669.982,92.94652246,94.40912292,94.39947516,94.2972089,94.56927574,95.00053063,95.17129598,95.3073294,95.33820224,95.52826311,95.72411265,95.31697716,95.96048277,95.3314488,94.87125064,95.04298077,94.79503333
670.038,92.73461831,94.14623328,94.18576622,93.86082479,94.46442518,95.1827675,95.2743682,95.48746035,95.20687295,95.47878239,95.74490652,95.45467694,95.90978778,95.06224026,94.92724976,95.12587864,94.90410853
670.095,92.85886262,94.3843598,94.20041412,93.97313045,94.18211586,94.89671113,95.18659412,95.31660808,95.35801994,95.12784707,95.62960466,95.2501565,95.77887995,94.8832282,94.56734242,94.97375644,94.66942746
670.151,93.16862427,94.25543405,94.22843256,94.39719185,94.22168219,95.2371309,95.33067176,95.72219329,95.33452911,95.70579953,95.91120369,95.63347413,95.97002835,95.38081737,95.12816062,95.12237459,94.91697043
670.208,92.65534004,94.20224286,94.13871107,93.76040814,94.50546277,95.2842085,95.26014343,95.51138278,95.40164605,95.2524426,95.67406267,95.55951292,95.72315541,95.13500505,94.61904991,94.71049718,94.446744
670.265,92.83285,94.31368204,94.49866561,93.95431291,94.49866561,95.59411521,95.37059339,95.63361691,95.83401578,95.68275317,95.79547754,95.53149056,96.03730502,95.12587554,94.84936364,95.09022766,94.83105797
670.321,92.77224573,94.06202103,94.10732704,94.23746132,94.40326203,95.13779774,95.27371577,95.52723662,95.44915606,95.75087479,96.00150377,95.70556878,95.81353204,95.24672495,94.94789809,95.00766346,94.85343024
670.378,92.63029905,94.47151804,94.41844307,94.13280323,94.47248304,95.96919722,95.48766248,95.62469241,95.68548737,95.77426732,96.02034219,95.56872244,96.39476198,95.57161744,94.84111284,95.10648769,94.94919278
670.434,92.8910319,94.552078,94.30954014,94.15493434,94.38780933,95.60533004,95.74350897,95.59180203,95.71838553,95.78795814,96.0227657,95.82371073,96.27689899,95.3753539,94.8197393,95.31157901,95.30094986
670.491,92.55767823,93.92404576,93.98856064,94.01937372,94.07811116,95.46662558,95.41462851,95.64380079,95.53884374,95.56099064,95.95193159,95.61587644,95.88163926,95.25093402,94.52201209,94.8744367,94.89080615
670.547,92.77657602,94.25409456,94.26761434,94.13627936,94.25312886,95.64856304,95.64180315,95.8532911,95.6118665,96.04643078,96.02711681,96.032911,96.154589,95.26228368,94.77943449,95.04693294,95.09618356
670.603,92.96313841,94.29433203,94.21602653,94.21699326,94.28273122,95.85850872,95.58395607,95.58008913,96.05862279,95.94551483,96.22296768,96.01221953,96.27710482,95.44087934,94.94784467,95.08705446,94.85890508
670.66,92.52980464,94.21833287,94.24146339,94.19423857,94.19616612,95.34594589,95.72567199,95.48472904,95.36040247,95.62640349,95.96565117,95.92806407,96.03407897,95.09825654,94.81008876,94.81972648,94.94405305
670.716,92.22276671,93.85815726,93.67943655,93.50744189,93.97538266,95.10439787,95.23603624,95.41091349,95.2504492,95.34077042,95.71262479,95.62038185,96.03931856,94.80556917,94.36453259,94.65663525,94.52595774
670.773,92.44392654,93.81338059,94.03873378,93.68818437,94.23519555,95.49967738,95.38025945,95.6229475,95.44959889,95.73947629,95.8040005,95.50930786,96.19499793,94.75716748,94.62522993,94.82939607,94.31127633
670.829,92.60900202,93.96422745,93.87156247,94.14280061,94.15824477,95.77215996,95.57042056,95.67466867,95.84745026,95.97196884,95.98355196,95.89860906,96.26540797,95.20362166,94.50091217,94.97485497,94.86095426
670.885,92.16779989,93.44399458,93.41995172,93.44110943,93.80752253,95.06544465,95.1981612,95.31164347,95.41070003,95.69055885,95.64247314,95.52129716,95.59342572,95.17411835,93.89888537,94.39609159,94.58362585
670.942,92.48835348,93.8357816,93.97660085,93.4306851,93.99685568,95.65485778,95.55551269,95.45520308,95.54876108,95.94517694,95.949035,95.80146413,96.14579616,94.96619373,94.31900385,94.76653903,94.6276488
670.998,92.07838594,93.76870354,93.49647649,93.68085723,93.94729221,95.42040738,95.30553142,95.56424365,95.565209,95.90983686,95.86446568,95.79689159,96.1753065,95.05550729,94.42803359,94.86919587,94.5091225
671.054,92.39920815,93.63043793,93.8959973,93.79943025,94.05629859,95.45845203,95.32036116,95.66124282,95.49514751,95.87948433,96.11414224,95.58592053,96.1711168,95.10501666,94.55265318,94.76799768,94.37496982
671.111,92.75189861,94.00280559,93.90896338,93.67677647,94.00667537,95.62714652,95.54201132,95.86417066,95.74614231,96.2821071,95.93092439,95.8438543,96.44270304,95.40076428,94.80191554,95.04764669,94.64905916
671.167,91.88089925,93.90197954,93.83338647,93.94835232,93.64692925,95.17240047,95.5424166,95.70858573,95.51536581,95.93272083,95.61680627,95.67670444,95.95204282,94.89899429,94.4217411,94.58984243,94.70674048
671.223,92.22390815,94.12782325,93.55568227,93.66005934,94.04084236,95.50598718,95.30689758,95.58910226,95.56204154,95.72247296,95.7195736,95.7089426,96.12355153,94.8343014,94.18677697,94.78791159,94.68353452
671.279,92.3056837,93.70218857,93.81630739,93.63352385,93.86079438,95.56097136,95.36948385,95.64220849,95.63060319,96.08224292,95.71764296,95.7669655,96.31821743,95.3414377,94.23409832,94.8037253,94.62094177
671.336,92.13153655,93.51191797,93.41063212,93.21963595,93.73088833,95.35339115,95.23860052,95.55692747,95.48650969,95.6292745,95.68039974,95.32638159,95.91480413,94.55178601,93.83989119,94.67139977,94.36754223
671.392,92.12307276,93.76236955,93.40419575,93.18214731,93.66679217,95.51944855,95.2008573,95.48276228,95.40649347,95.99830085,95.69322559,95.94423688,95.80907695,94.58491422,94.28080439,94.5047837,94.30880181
671.448,92.12565748,93.46330165,93.47005742,93.53182454,93.74028857,95.09047918,95.02871206,95.26612942,95.07696762,95.85195194,95.56724412,95.6077788,95.8229986,94.60599334,94.21898374,94.37243642,94.31356464
671.504,91.76282329,93.12202975,93.33314054,93.38712321,93.48352083,94.88417826,94.80802414,95.23217367,95.05480205,95.53775413,95.60330451,95.38062601,95.58788089,94.47641632,93.9182741,94.48605608,93.9587611
671.56,92.12531343,93.76821275,93.5261828,93.2328425,93.61040922,95.32107694,95.37432353,95.66669571,95.43918755,95.96100413,95.68702623,95.95519541,95.81965864,94.61434947,94.10511845,94.53496365,94.4836533
671.617,91.98782079,93.69967619,93.62331448,93.19317578,93.33623314,95.11478421,95.02972307,95.28587308,95.25687497,96.02339181,95.76240878,95.60195254,95.45792857,94.39273114,94.02058866,94.44299454,94.15204678
671.673,91.95322248,93.40220346,93.6150044,93.47668379,93.70592844,95.10557829,95.14523664,95.05527988,95.38899045,95.68400994,95.75849027,95.62403877,95.8542507,94.62290705,94.00481704,94.01255526,94.60259424
671.729,91.96291467,93.49075281,93.70611811,93.25896953,93.47819788,95.30349124,94.98092617,95.57583659,95.40875948,95.52078806,95.4348351,95.51595924,95.69462553,94.84571925,93.90796272,94.22473321,94.06055338
671.785,92.04770987,93.39245433,93.51831234,93.26950073,93.64997919,95.15253023,95.48556989,95.31324123,95.33550842,95.85927138,95.80796004,95.74599917,95.76729822,94.94728486,94.16793331,94.72461299,94.31896293
671.841,92.13942563,93.605792,93.36703624,93.52749558,93.33610432,95.22488473,95.04122645,95.13208897,95.19395281,95.55546963,95.76136023,95.56320261,95.84642301,94.86916764,93.82134883,93.88611253,94.04947174
671.897,91.95183471,93.35117949,93.15983262,93.02357046,93.46908009,95.09069648,95.20956348,94.99115746,95.10229326,95.69662824,95.16220996,95.54007171,95.35838882,94.48379833,93.77252916,94.11849976,94.35333456
671.953,91.63754344,92.99309707,92.94881052,92.59355534,93.07493092,94.79440449,94.46803185,94.68850186,94.67502335,95.15543617,95.08708084,95.2199405,94.97540171,93.97606601,93.39552706,93.60251856,93.74404298
672.009,92.17878717,93.66577602,93.45570012,93.32113538,93.54573265,95.23795694,95.07628563,95.30185099,95.22827602,95.69392813,95.4170539,95.28442534,95.80622677,94.2514715,94.02590613,94.19919455,94.37635533
672.065,91.99465147,93.54398,93.44030386,93.0556363,93.57595489,95.11074938,95.21733233,95.22411488,95.03420344,95.71536539,95.34910761,95.40918164,95.8965564,94.3317249,94.06623646,94.07883263,94.11468325
672.121,91.88786997,92.93631084,93.29770889,93.24359581,93.15083054,95.11436219,94.53554553,95.2332177,94.89017944,95.42164716,95.24481336,95.1153285,95.40135476,94.35098128,93.58276885,93.93353755,93.75380483
672.177,91.81893768,93.08061179,93.09221339,93.25560261,93.50213663,94.86919195,95.00551076,95.01904596,94.78217994,95.63006362,95.4357368,95.32842199,95.4821432,94.44186631,93.96330027,94.3007135,94.20983429
672.233,92.0787958,93.28686898,93.44562219,93.17554813,93.43594211,94.95668167,94.79986448,95.06703451,95.14737912,95.71656745,95.31290838,95.33517255,95.4997338,94.31779682,94.01965055,93.97512221,93.98286627
672.289,92.09196735,93.09278848,92.96140656,93.0908564,93.17103801,94.88093513,94.62493358,94.83070086,94.95242235,95.06448341,95.32724726,95.07510989,95.1639859,94.30227503,93.4434623,93.76612085,93.61541806
672.345,91.96934065,93.45488682,93.32133283,93.10261398,93.32423618,94.86301038,94.84365473,95.01301667,95.19108866,95.736918,95.03140454,95.33335269,95.44077655,94.22911283,93.83328978,94.02007181,93.94555256
672.401,92.13175103,93.50835553,93.58294987,93.31363526,93.44538629,95.16105595,94.94308549,94.85008477,94.89561637,95.48462097,95.03996125,95.39065149,95.34899491,94.5662388,93.89682732,93.70985711,93.87357714
672.457,91.3023824,92.69604024,92.83550221,92.68642218,92.60851584,94.22723644,94.20319127,94.32726433,94.20607669,94.85048716,94.67255292,94.75334468,94.7129488,93.72902059,93.15674563,93.58474959,93.56839888
672.513,91.6377586,93.09588459,92.92388563,92.85141416,93.17995149,94.67769521,94.49796597,94.61681918,94.71054895,95.18692808,95.06807487,94.9463228,94.77529013,94.00032854,93.59738716,93.6930495,93.67565635
672.569,91.45294192,93.32212788,93.18399165,92.96084852,93.21297128,94.64649685,94.56728586,94.74599357,94.67837444,95.14398045,94.90248355,95.06766743,94.92276929,94.06593831,93.45446818,93.98769332,93.77904
672.625,91.80107657,92.93466181,92.72785257,92.89214028,92.77134049,94.68770838,94.23736676,94.71573393,94.90321521,95.14964678,94.65581723,95.06943572,94.99598945,93.83727785,93.67975492,93.78702514,93.78219314
672.681,91.5312208,92.69122195,92.82706926,92.62185311,92.93015907,94.30115711,94.17976164,94.30597439,94.27032652,94.63451292,94.51119054,94.46205428,95.11913135,93.76836588,93.33866446,93.43982735,93.57182084
672.737,91.86998938,92.90447213,93.06094852,92.85231334,93.01555105,94.52139476,94.42094079,94.58707621,94.54844007,95.1463344,94.65468946,95.09803922,94.91065392,93.84139863,93.61634309,94.1031585,93.77475128
672.793,91.66803568,92.98132024,92.82283704,92.87115509,92.90497773,94.19217054,94.29943661,94.45598709,94.52169964,95.04160184,94.80677612,94.81160793,94.91307583,94.25401765,94.07040906,93.88003595,93.62491665
672.848,91.55605788,93.09395467,92.9712707,92.8099461,93.2195367,94.48984718,94.28408586,94.43092023,94.56423038,95.00763152,94.85983114,94.98251512,95.04144207,93.73152495,93.81943237,93.86869916,93.66293785
672.904,91.78065002,92.84245683,92.68704692,92.39553269,92.82315125,94.2083265,93.82897188,94.34732666,94.4370976,94.81838277,94.58864639,94.42841009,94.77687578,93.6677703,93.51429095,93.42548529,93.5307007
672.96,91.20271338,92.42546877,92.57385674,92.49291785,92.94000886,94.34198609,93.96427126,94.28706327,94.27453701,94.87387023,94.24563026,94.44701393,94.4845927,93.74168931,93.52199803,93.59233778,93.52103448
673.016,91.70396002,92.82904339,92.94599793,92.79038073,92.96919553,94.32335515,93.99375598,94.63845581,94.42871089,94.53116694,94.80567181,94.83756851,94.83950164,93.66415682,93.73568273,93.53367034,93.63999265
673.071,91.6605423,92.93312188,92.81708119,92.77743395,92.70684253,94.17669129,94.10609987,94.22020655,94.31884114,94.72885158,94.62634897,94.40103663,94.50934128,93.97942212,93.3228252,93.80149306,93.63903609
673.127,91.32571296,92.88389875,92.96016682,92.67536831,92.72363924,93.94779016,93.85124829,94.21810739,94.09549922,94.48263212,94.30982217,94.34264641,94.65930374,93.50562839,93.34343805,93.64271785,93.50852465
673.183,91.42967282,92.6863586,92.45024816,92.24690406,92.57745868,93.8601648,93.77535778,93.740664,94.06447261,94.30058305,94.3034742,94.28419987,94.30925649,93.58646943,93.24916879,93.35614128,93.54021105
673.239,91.47263614,92.90094545,92.63633642,92.47119721,93.03035278,93.91688959,94.05209128,94.23847647,94.31476885,94.28096843,94.37850679,94.46831935,94.24233938,93.51901032,93.70249833,93.67642372,93.66869791
673.294,91.66385355,92.56758712,92.67850426,92.46245696,92.63220841,93.91306025,93.71919638,93.75777626,93.78188868,94.53901872,94.10692412,94.17829689,94.28535604,93.3141077,93.2822793,93.46167572,93.44045679
673.35,91.59542095,92.82809255,92.69671062,92.6542047,93.0000483,94.27522581,93.89460465,93.99507318,94.33512051,94.36313578,94.31386756,94.34864512,94.56890306,93.68690528,93.7139545,93.57291214,93.65502584
673.406,91.48056165,92.67884926,92.68947923,92.68174834,92.55998686,93.82012157,94.1535161,93.88390139,94.13418888,94.44439076,94.27721031,94.1090635,94.48980972,93.99406654,93.61235396,93.70029281,93.73411544
673.461,91.70288805,92.54998551,92.73737081,92.71998455,92.89964262,93.77571718,93.44537815,93.76509224,93.82014875,94.2634985,94.41224766,94.08963585,94.35042983,93.83850092,93.807592,93.69071767,93.79889887
673.517,91.71097148,92.7742871,92.72112131,92.73948768,92.83131948,93.97390043,93.73127115,94.23682939,94.20589657,94.3479942,94.3537941,94.37216046,94.43305945,93.81053649,93.70227163,94.15466409,93.82503625
673.573,91.89905241,92.74898472,92.82053761,92.51111971,93.05550184,94.11235738,93.86772384,94.23032295,94.047573,94.50493135,94.41113904,94.38406498,94.68091278,93.7787662,93.67917231,93.70914717,93.92767356
673.628,91.81671138,92.92279679,92.91601693,92.7620173,93.16299747,94.15188819,94.02985075,93.97658043,94.2051585,94.52187473,94.42889382,94.46666731,94.5441514,94.19547299,94.26424012,93.8622914,93.99207725
673.684,91.11653577,92.45190174,92.64583856,92.30234847,92.649698,93.56245538,93.7226221,93.59043631,93.74577874,94.20119257,94.39416453,93.90305089,94.1114606,93.5257907,93.6579765,93.60876865,93.51035295
673.739,91.62034934,92.72423226,92.74453133,92.5927716,92.85955941,93.8590471,93.75465187,93.73145293,94.06010459,94.06397108,94.13260128,93.9663422,94.26599519,93.80588286,93.5584275,93.74208578,93.5497279
673.795,91.52714505,92.72553173,92.77582722,92.5436942,92.67426902,93.37066806,93.62988326,93.87362292,93.96260724,94.18990415,94.10575593,93.89877066,94.46846376,93.77980249,93.73627755,93.92778729,93.99839441
673.851,91.6842024,92.67843009,92.27205158,92.41877256,92.45159173,93.43809726,93.462229,93.66879669,93.6716925,93.9767177,94.10799436,94.10027221,94.46610938,93.99505782,93.7798027,93.967065,94.05683507
673.906,91.66465423,92.90495832,92.50794509,92.57073307,92.76199492,93.86802933,93.63040097,93.91342987,93.7414874,93.80427538,93.93081731,94.03417598,94.35101378,94.26697449,93.87479111,93.8564377,93.98491157
673.962,91.66192785,92.21709252,92.46286854,92.17275645,92.33853479,93.43151523,93.11441597,93.56837875,93.30718148,93.6474126,94.01752238,93.87969504,93.93077791,93.71295288,93.67150829,93.6821104,93.4932002
674.017,91.49474579,92.79960593,92.28480915,92.4461057,92.70881626,93.59353268,93.35786586,93.65921032,93.7519317,94.04554937,94.13344151,93.57324988,94.50336115,93.79732653,93.78477051,93.62926905,94.03299335
674.073,91.2780648,92.50446623,92.60393028,92.21090242,92.6686302,93.12732364,93.29824731,93.56380667,93.41412776,93.76176911,93.92400174,93.74631838,94.18666409,93.65844237,94.00704939,93.68161846,93.78880788
674.128,91.47557761,92.52218242,92.5888021,92.54728549,92.61487067,93.67982003,93.54947718,93.33127359,93.38051423,93.66437199,94.03609049,93.59968332,94.28036264,93.6691995,93.92023018,94.0785726,93.83333494
674.183,91.62843704,92.50538434,92.81540646,92.43391507,92.67633112,93.45766411,93.19110304,93.52140698,93.69525116,93.88358235,94.1259984,93.6411663,94.34620102,93.86136893,94.05742653,93.86812953,93.97533344
674.239,91.58925336,92.35342867,92.43437536,92.3370466,92.47966696,93.28527927,93.0482211,93.75554099,93.34984389,93.4915006,93.82299657,93.4895733,93.82396022,93.73048607,93.69194002,93.72470416,93.85576071
674.294,91.84459831,92.59978175,92.53701075,92.2926867,92.77360914,93.75283677,93.46602157,93.58480362,93.58866645,93.79532791,94.21154793,93.32889108,94.1700225,93.7943622,93.6813744,93.92956128,94.37185541
674.35,91.62054343,92.48408628,92.54880369,92.18271562,92.40681175,93.37950486,93.26842273,93.66638655,93.40172129,93.75815005,93.71468313,93.74945666,93.95809789,94.05275918,93.90883538,93.97258686,94.19571706
674.405,91.41003769,92.6717366,92.32763689,92.11269506,92.27173274,93.52957619,93.27126045,93.16812692,93.17583784,93.71945754,93.8543986,93.41680402,93.96138758,93.46692498,93.49776865,93.86692884,93.96042371
674.46,91.62642141,92.2440498,92.18151733,91.89579205,92.45377408,93.0444654,92.983857,93.17337848,92.99443942,93.43697689,93.96032555,93.3003675,93.76791796,93.57839648,93.74194293,93.78812076,93.56973813
674.516,91.61428805,92.58453572,92.254382,92.05128452,92.27748313,93.1562888,92.85116131,93.15051352,93.36804921,93.26505665,93.83873483,93.25639372,93.831997,93.55285828,93.68857745,93.51435639,93.87627417
674.571,92.02074741,92.63795385,92.6794873,92.49983097,93.06294733,93.4724865,93.3382272,93.56038288,93.49180439,93.79606108,94.10321546,93.69850576,94.27514464,94.07423863,94.1476466,94.18918005,94.22684993
674.626,92.02310349,92.8319192,93.15022107,92.65583731,92.77290274,93.46271805,93.51012471,93.62041776,93.71039367,93.78488985,93.86422345,93.90292277,94.40020898,94.0538501,94.36054218,94.23186695,94.54726638
674.682,91.82486399,92.51070726,92.49237952,92.67662152,92.74125092,93.20523209,92.99976849,93.16954123,93.49172358,93.62869931,93.60265463,93.22934753,93.93448316,93.90265077,94.08592816,94.0994328,93.97210325
674.737,92.03374761,92.75180239,92.74986953,92.50536367,92.60490558,93.31619537,93.29300114,93.66120958,93.71629588,93.97916385,93.81100566,93.65444459,94.34737229,94.07194078,93.95693604,93.96370103,94.15408702
674.792,92.08461144,92.75712917,92.78519106,92.70971425,92.70584365,93.55544159,93.48770599,93.59124469,93.48286773,93.78187202,93.93669624,93.79928974,94.25698886,94.06732919,94.2502153,94.3140803,94.52889891
674.848,91.9810956,92.65763328,92.70692388,92.67019755,92.70499092,93.49847296,93.10414814,93.53809874,93.46367959,93.60285306,93.84157421,93.76618858,94.05323385,94.08996018,93.92372521,94.14794912,94.38183786
674.903,92.08487478,92.95163571,92.91774003,93.12014565,92.97197312,93.70702512,93.08528153,93.76900579,93.82227043,93.8842511,94.07503535,93.76028976,94.07213,94.26194581,94.45079316,94.44885626,94.41786593
674.958,92.44819617,92.57970006,92.69573289,92.32442781,92.87655073,93.67524343,93.47508678,93.67330955,93.53987178,93.65880544,93.95178836,93.37355805,94.07072201,94.26120926,93.97112716,94.36080411,94.46813448
675.013,92.09795824,92.81272064,92.8378679,92.4393806,92.90944086,93.5497287,93.1918639,93.67062897,93.61936726,93.69867783,93.70157944,93.39787796,93.80507007,94.04977222,93.98690408,94.16390208,94.53337331
675.069,92.04953824,92.43981607,92.88612388,92.53158932,92.96340662,93.34885428,93.04551953,93.70725299,93.58456664,93.66378144,93.55268751,93.48120097,93.4705746,93.92171259,93.98933498,94.17481356,94.28300939
675.124,91.63002377,92.34876986,92.37282428,92.32471544,92.37282428,93.01748275,93.11177608,93.07906207,93.17816628,93.22146424,93.23493472,93.17527975,93.21761553,93.80742993,93.6053728,93.72468272,94.0701042
675.179,92.05660742,92.75695518,92.61881762,92.41692427,92.54057187,93.35297527,93.26120556,93.45150696,93.68527821,93.67368624,93.26313756,93.69204019,93.51526275,94.11611283,93.61476043,94.20788253,94.29965224
675.234,91.82708577,92.90610769,92.80168621,92.36562986,92.61508117,93.49976312,93.05983931,93.73181084,93.63995862,93.76081681,93.2870527,93.82366307,93.20003481,94.26068628,93.6264225,94.16496659,94.15239734
675.289,91.72018194,92.69166514,92.36526223,92.3855417,92.91087656,93.34060819,93.13491642,93.43910848,93.63321198,93.59651579,93.13105366,93.53857445,92.8896314,94.15758114,93.44490261,94.11605651,94.11991927
675.344,91.51404681,92.38202702,92.40806643,92.28751362,92.62409706,93.016617,93.14199192,93.37923984,93.31655238,93.45639364,93.00118624,93.29051298,92.51897501,93.79297708,93.34934275,93.95210678,93.68399734
675.399,91.84350517,92.61243834,92.83102815,92.6762743,92.66466776,92.92968372,93.16568333,93.38427314,93.46358449,93.71312506,92.73624142,93.69668246,92.36096334,94.14159977,93.35138795,94.27991102,94.13482929
675.454,91.52802885,92.3023384,92.69190987,92.44347347,92.87654548,93.15011552,93.30671745,93.40435199,93.29801734,93.64215492,92.57880847,93.55032045,92.297505,94.10616064,93.1375487,94.28982957,93.73398939
675.51,92.05834213,92.87090932,92.75081596,92.44380309,92.74016251,93.44619527,93.23022091,93.45684871,93.496557,93.79097944,92.36051253,93.63795725,92.03025578,94.06603198,92.83216953,94.34883248,93.71737383
675.565,91.65273362,92.85113703,92.544771,92.54380454,92.60179181,93.19229543,93.23771878,93.65909289,93.55568227,93.59337399,91.91270984,93.41651284,91.15017734,94.0717689,92.67910816,93.94999565,93.35272685
675.62,91.50377975,92.61837094,92.00549079,92.11955996,92.57100323,93.30181931,93.03308006,93.43232218,93.51352396,93.54832473,91.65458307,93.40428823,90.85996559,93.76969627,92.14952729,94.18827214,93.33565338
675.675,91.36287156,92.29794805,92.37240606,92.28054229,92.73405922,93.49314406,93.17017038,93.26300114,93.22045371,93.46896939,91.25456901,93.58404085,90.58154602,93.71168314,92.14806506,93.96309977,92.83946081
675.73,91.03125151,92.35762933,92.2726175,92.1373714,92.1441337,92.92662899,92.65034053,93.00101435,93.17780032,93.45795295,90.16664252,93.29855576,89.54740859,93.81538907,91.61184369,93.84147225,92.56339661
675.785,90.546052,92.27408911,92.19193969,91.99381463,92.3407751,93.08495216,93.0279308,92.94191553,93.26568087,93.3768242,90.09374698,93.10428143,88.94172224,93.60780903,90.91910699,94.00889147,91.88750362
675.84,90.56244687,92.11492387,91.96131849,91.58165237,92.16612567,92.76702218,92.5284025,92.98149007,93.10418116,93.17180617,89.16743952,92.91966149,88.026509,93.24715975,90.06298787,93.50896514,91.22903625
675.895,90.11340984,91.71005012,91.89003503,91.69553521,92.05744034,92.56062395,92.96704147,92.96607381,93.08993439,93.10348164,88.59611774,92.96800913,87.26655184,93.3289466,89.58700238,93.50119022,90.69303865
675.95,89.88103866,91.64564791,91.30838141,91.46010302,91.60119445,92.7337914,92.28345848,92.55984306,92.84879058,92.72702674,87.56849216,92.74345519,86.36921501,93.05946134,88.76873569,93.30202263,89.71965326
676.004,89.46290967,91.24645126,90.86212557,90.99441859,91.28797389,92.10490739,92.18891829,92.50178644,92.43612275,92.45446996,86.39216671,92.70843392,85.01709187,92.22175013,87.88022171,92.9855733,88.96560382
676.059,88.96465255,90.86656701,90.67271061,90.68331967,90.92539905,92.04031441,92.0287409,92.04417225,92.57655399,92.45213869,85.2408738,92.54569128,83.63987076,92.10300429,86.88913536,92.27178473,88.01465979
676.114,88.29916146,90.84096748,90.72076002,90.74693423,91.0755659,92.07503272,92.17294363,92.74877611,92.48994232,92.51611652,84.55915855,92.56749552,82.89564248,92.14095293,85.98904561,92.61305802,87.19208957
676.169,88.02370279,90.37655283,90.0212047,90.06380774,90.33007678,91.7340408,91.76115183,92.31015018,92.58997473,92.59094298,83.25216162,92.34694372,81.01066044,91.44162899,84.83718859,92.30337242,86.07461343
676.224,87.09540158,89.76258401,89.20748513,89.57787341,90.0149896,91.2451042,91.23640056,91.73637638,91.87563464,91.7325081,81.42352884,91.73831053,79.59286301,90.99946811,83.33349451,91.5710072,84.76766114
676.279,85.97810493,88.57393197,88.46320492,88.35825494,88.78094339,90.39563254,90.40333529,91.07154893,90.91171685,90.86742603,79.49720294,91.21886404,77.47041662,89.81311201,81.62990208,90.93097372,82.75257801
676.334,84.95687199,88.30182847,88.11637319,88.11444136,88.46506776,90.20274512,90.148654,90.91945252,90.57172386,90.89723652,77.99746931,91.2014991,75.83189251,89.19529794,80.02975012,90.46160979,81.44577848
676.388,84.38329362,87.74723465,87.29586796,87.64843765,87.78016699,89.68927375,89.98566475,90.67240077,90.54067143,90.54745162,76.34780419,90.7547316,74.15974119,88.69646074,78.29178048,89.96629279,79.75630073
676.443,82.60882149,86.56710658,85.82715906,86.3780196,86.63753184,88.75993671,88.82457359,89.52593193,89.68607702,89.64169947,73.72655707,89.90700008,71.79709809,87.16427414,76.20012349,89.03006097,77.50829667
676.498,81.76675159,85.87121836,85.10786698,85.61160139,85.69975491,88.25523835,88.52163636,89.30920575,89.32858015,89.13677358,71.741468,89.7567544,69.64612657,86.86706255,74.31051352,88.40635868,75.87499637
676.553,79.91639492,84.61434253,83.75797103,84.20696128,84.37436498,86.97154137,87.54148805,88.32044744,88.17820268,88.27883843,69.53349525,89.02102707,67.36885904,85.57038213,72.31839602,87.14475097,73.43119515
676.608,78.03371983,83.21944988,82.03286812,82.94264532,82.92328836,86.19945413,86.48109793,87.26989412,87.31538298,87.54573082,67.20059619,87.91738449,64.78678307,83.86500455,69.47891059,86.12202629,71.42622094
676.662,76.06229143,81.70914543,80.52038497,81.16554626,81.50215215,84.99105286,85.26188519,86.09566185,86.0898583,86.44290758,64.51226,87.17415486,62.24210475,82.30207477,67.25347004,84.91270494,68.44996856
676.717,73.84897999,79.69834671,78.76341487,79.53011699,79.56008895,83.3616939,84.03557962,84.84965677,84.91153437,85.07106255,61.79638403,85.91317799,59.69157885,80.45731413,64.44745238,83.32495408,65.85806826
676.772,71.75820667,78.03717069,76.69140198,77.69371426,77.59212856,82.19734716,82.34537205,83.77047436,83.66888865,83.55666064,59.02516423,84.56961523,56.85510009,78.73956328,61.66252261,81.65652422,63.44752856
676.826,68.93800705,75.48416935,74.17570771,75.24714316,75.30784499,79.96743299,80.41450677,81.91085503,81.55435222,81.61312701,55.68862852,82.51787332,53.77700268,76.44287283,58.59557166,79.4837454,60.05048851
676.881,66.49638349,73.49569786,72.007571,72.97422576,72.98871109,78.2266086,79.02330208,80.40520313,80.28256062,80.02182457,53.025021,81.47325524,50.88698541,74.51932827,55.81006827,77.92531361,57.23928809
676.936,63.63451973,70.86685662,69.50982759,70.56454339,70.62442652,76.47462211,76.84840875,78.64973197,78.35224803,78.00260781,49.82566282,79.36350027,47.98860289,72.2180905,52.82658038,75.84005409,54.35456609
676.99,60.52032708,68.32137622,66.76791638,67.91830595,67.71773509,73.84768186,74.64321531,76.21788938,76.02599707,75.92571164,46.63465247,77.54859986,45.08408547,69.31169482,49.75603641,73.45232585,51.29406773
677.045,57.78274501,65.500658,63.88082521,65.36325283,65.21907416,71.93644527,72.42994272,74.10009289,74.02848738,73.30952934,43.94643134,75.602841,42.17661403,66.78955721,46.86871033,71.29876916,48.205024
677.1,54.48396648,62.7281172,60.85866894,62.27720473,62.02949316,68.78640683,69.75015966,71.58767635,71.26932828,71.05838639,41.05529,73.17941672,39.24776963,63.97635129,44.06363091,68.62578136,45.14640141
677.154,51.32178846,59.33383023,57.79666431,59.37448576,58.99213025,65.90066501,66.83961397,69.3108889,68.83367052,68.19576602,37.98000136,70.69995257,36.44864336,61.10815337,40.88203123,65.67028372,42.16364816
677.209,47.89268321,56.59789123,54.6450045,55.98694848,56.16509977,63.27081901,64.13349728,66.5782365,66.2780903,65.64294221,35.11032793,67.62390713,33.60185122,58.0318155,38.01012751,63.19917121,39.14196915
677.263,45.04593653,53.3174229,51.57406599,52.96234854,52.42682655,60.25398489,61.0339843,63.4787586,62.90443067,62.72689349,32.5649757,65.02323506,30.84296206,55.02585446,34.95542168,60.00659701,36.25154011
677.318,41.57126433,49.58602634,47.72242027,49.39956912,49.02182419,56.99890831,57.84038103,60.17254538,59.65278382,59.39290303,29.79064622,61.81974514,28.38593745,51.68632679,32.33052198,56.87911196,33.29372325
677.372,38.50614146,46.31947196,44.62924128,46.22186573,46.07014119,53.47855079,54.61020323,56.94888719,56.26371078,56.40190574,27.28432405,58.7985736,25.93426559,48.60307121,29.6887231,53.60611537,30.91121699
677.427,35.41392904,43.09248667,41.43541779,42.97267527,42.50985545,50.10821674,51.52952771,53.62815954,53.23007652,52.86001391,24.95748628,55.79442684,23.69560176,45.2790446,27.24936229,50.5864961,28.14698153
677.481,32.4838485,39.8767844,38.32546714,39.63499555,39.58083485,46.98634377,47.99798832,50.56578591,49.98452551,49.70598476,22.68656428,52.44303455,21.57240125,42.12638787,24.76594839,47.30550505,25.74954544
677.536,29.55325132,36.75264058,35.31083001,36.67243262,36.35933166,43.80900842,44.70772412,47.10333298,46.70036045,46.39692311,20.63277317,48.98870324,19.63742136,38.96174177,22.7268774,44.09505127,23.41589277
677.59,27.00091016,33.93655958,32.2062782,33.60735103,33.36625419,40.43842832,41.52191173,43.89995933,43.60270338,43.07306493,18.72518833,45.99333837,17.60684754,36.23133678,20.62297876,41.32245009,21.48473053
677.645,24.48809431,31.00713566,29.45493679,30.83068332,30.59605988,37.56689677,38.50636004,40.54622663,40.27863957,39.94027767,16.97335764,42.83041185,16.07655317,33.14686264,18.7950826,38.15151633,19.48441015
677.699,22.16521293,28.32028036,26.78586987,28.17603609,27.83914344,34.4085501,35.30112201,37.51609437,36.99042567,36.83262825,15.35959418,39.49001423,14.55705393,30.46361463,16.91046207,35.06878225,17.69944916
677.754,20.12169757,25.75867506,24.36079752,25.39783885,25.32721943,31.5272175,32.48880247,34.38295073,33.96697333,33.86346267,13.7050043,36.53732672,12.99881011,27.89467065,15.26637065,32.21793346,15.94451055
677.808,18.07660725,23.24687243,22.07699367,23.16475873,22.76578274,28.66058059,29.55513694,31.53069603,31.12688982,31.00710042,12.47838478,33.49562865,11.7760711,25.41853838,13.7960682,29.52422354,14.40370961
677.862,16.32341134,21.0151587,19.83012972,21.01419133,20.5808093,26.03581206,27.00028054,28.72026545,28.50937866,28.19111373,11.14797868,30.5573022,10.61882697,23.10467917,12.54486181,27.04477958,12.91536475
677.917,14.65736593,18.99555925,18.02517391,18.97137218,18.60953358,23.82523389,24.56439082,26.28457542,25.85114308,25.65280909,10.01344801,27.90510928,9.433925755,20.81055717,11.23537891,24.64082197,11.72976268
677.971,13.28151403,17.08009463,16.2690098,16.96325979,16.77110993,21.37208516,22.24882924,23.66050307,23.44807609,23.40365954,9.025249843,25.2324627,8.588808961,18.97938493,10.15304398,22.5636074,10.56920774
678.025,11.82837301,15.42070086,14.58694033,15.24272878,15.09280664,19.37090737,20.10407498,21.53752406,21.21446604,21.18254713,8.103533326,23.02417132,7.650865196,17.12304255,9.197481308,20.24722644,9.591147823
678.08,10.66949848,13.92672684,13.09166385,13.82632621,13.56470531,17.46971087,18.01998359,19.35415359,19.22672202,19.04233238,7.281942366,20.80030893,6.916059275,15.42597866,8.146932471,18.33373558,8.578462133
678.134,9.564399449,12.49006032,11.82773802,12.47551444,12.28641803,15.82397549,16.40193169,17.56560191,17.43565873,17.2494715,6.620313803,18.97461259,6.213029228,14.03580225,7.487248114,16.73551715,7.806287698
678.188,8.548434015,11.199457,10.58760787,11.1373994,10.93183361,14.17628236,14.71055949,15.81693009,15.60845535,15.55803355,5.878987685,17.04644623,5.650150296,12.67429458,6.695432949,15.20895957,6.987297586
678.243,7.677243216,9.985818613,9.482234678,9.986783333,9.838216425,12.70054121,13.25139643,14.23637574,13.99326625,14.06851443,5.295349084,15.32747427,5.087934245,11.44736969,6.041077785,13.51090616,6.289010872
678.297,6.9346997,9.034712316,8.527176919,8.945432667,8.931846633,11.33851543,11.87710462,12.83491999,12.74175862,12.7068231,4.843420963,13.81408484,4.57946374,10.28850913,5.446058595,12.27983347,5.693518492
678.351,6.295724351,8.152687964,7.645980118,8.022391661,7.906572725,10.31850208,10.70746067,11.36376798,11.33674356,11.43036386,4.306534118,12.3443683,4.116398031,9.20470997,4.905897114,10.98542612,5.158768459
678.405,5.563458654,7.267624716,6.898920985,7.2376252,7.102143514,9.186626022,9.620167417,10.31596265,10.22499637,10.25693134,3.89413074,11.251754,3.735423622,8.312769149,4.420573862,9.91435622,4.644118643
678.459,5.016428295,6.478546579,6.176072671,6.509470429,6.38964051,8.307885582,8.64224971,9.252029378,9.208542714,9.186316196,3.505025126,10.01546193,3.369733282,7.452647855,4.008504059,9.006571318,4.138964051
678.514,4.475272812,5.802569461,5.511376828,5.836429069,5.78418853,7.422993576,7.740306478,8.332365916,8.226917421,8.233689343,3.208923458,9.055026701,3.016407399,6.776758765,3.598792663,8.048912623,3.75164461
678.568,4.041360649,5.313103981,5,5.208735988,5.149787399,6.720139157,6.970429068,7.56088133,7.413026672,7.405295709,2.9329339,8.152299961,2.709702358,6.023386162,3.286625435,7.228449942,3.382296096
678.622,3.677140476,4.743259222,4.562988234,4.647308535,4.691891682,5.983833763,6.311422978,6.742716471,6.67487255,6.709763709,2.610052531,7.3126054,2.464672702,5.470158367,2.988040086,6.555661091,3.114035938
678.676,3.300198807,4.31072104,4.024632692,4.230228386,4.193376327,5.388158852,5.682005528,6.014643844,6.049556321,6.018523008,2.403142123,6.580032003,2.288706784,5.013819522,2.74644814,5.917664743,2.801726228
678.73,2.961335166,3.881972545,3.634145869,3.845185773,3.763867645,4.881023834,5.052372747,5.524792348,5.456059169,5.389262135,2.184940657,5.916861895,2.049410444,4.490890434,2.468586033,5.313752444,2.568297547
678.784,2.710428901,3.463379654,3.264724693,3.476946334,3.471132043,4.404325833,4.574878384,4.892726321,4.847181038,4.898540613,1.958447197,5.338488672,1.879954261,4.066127876,2.23753319,4.869469155,2.333469
678.838,2.448643411,3.112403101,3.003875969,3.146317829,3.111434109,3.971899225,4.177325581,4.455426357,4.401162791,4.407945736,1.80620155,4.798449612,1.704457364,3.718992248,2.061046512,4.342054264,2.101744186
678.892,2.233106506,2.875838504,2.666757011,2.789689185,2.806144673,3.544705689,3.729587935,4.029658597,3.944477248,3.947381157,1.645548791,4.301658132,1.576822929,3.292065551,1.856566224,3.923181911,1.924324115
678.947,1.96410758,2.598471715,2.445449527,2.550046972,2.523897611,3.235741334,3.349055233,3.622170784,3.592147444,3.518541834,1.497293057,3.892380851,1.410128519,2.970373742,1.71907838,3.575683031,1.723920855
679.001,1.80102584,2.350720991,2.177489596,2.320720023,2.329429982,2.972031356,3.105584051,3.220749056,3.248814478,3.257524436,1.374237879,3.526565373,1.284234975,2.763960128,1.579405787,3.215910191,1.579405787
679.055,1.644759146,2.100022279,2.004126428,2.098084989,2.092273119,2.625996494,2.740296599,2.956304426,2.891405213,2.898185728,1.259238451,3.186841927,1.200151109,2.432267501,1.410347065,2.878812829,1.479120858
679.109,1.531445685,1.964139862,1.842596554,1.9126055,1.892186224,2.381276496,2.535879585,2.669091051,2.647699428,2.690482673,1.156119949,2.865505037,1.128894248,2.242230952,1.318501809,2.649644121,1.365174439
679.163,1.395596935,1.785471826,1.678789642,1.71952284,1.718553002,2.187954612,2.274270197,2.444961691,2.408107846,2.409077684,1.053244108,2.602075453,1.033847347,2.011444089,1.208418194,2.445931529,1.246241878
679.217,1.275903159,1.603355906,1.54716579,1.577198438,1.559760126,1.995717926,2.059658403,2.164288275,2.182695382,2.217572006,0.966857519,2.421987774,0.922292944,1.880431308,1.110239196,2.147818758,1.124771122
679.27,1.158709227,1.473839352,1.387542179,1.43893263,1.463173409,1.815149517,1.91017337,1.983865338,2.016832797,2.037195051,0.906605127,2.102160338,0.851336152,1.721095295,0.995811193,1.998409805,1.033626808
679.324,1.076490002,1.330809552,1.289070083,1.332750922,1.284216657,1.66181324,1.754999029,1.82100563,1.817122889,1.803533295,0.809551543,1.955930887,0.770724131,1.600660066,0.927004465,1.772471365,0.964861192
679.378,1.002906977,1.218992248,1.176356589,1.189922481,1.212209302,1.527131783,1.576550388,1.664728682,1.640503876,1.682170543,0.768410853,1.800387597,0.708333333,1.407945736,0.850775194,1.660852713,0.919573643
679.432,0.905016878,1.151398751,1.064098087,1.105808404,1.075738176,1.353160284,1.391960579,1.511271486,1.483141272,1.45792108,0.713925426,1.619912311,0.669305087,1.283319753,0.773095876,1.475381213,0.804136111
679.486,0.820777507,1.032278094,0.976977482,1.030337722,1.022576232,1.268033336,1.308781155,1.39124698,1.374753815,1.389306608,0.644203623,1.499907832,0.618008596,1.179746393,0.738311682,1.392217166,0.754804847
679.54,0.766172331,0.965454528,0.921922009,0.930628513,0.935465459,1.135715046,1.186986679,1.245997427,1.271149549,1.263410434,0.579466195,1.357247197,0.598813981,1.111530313,0.695552911,1.278888663,0.704259415
679.594,0.687221937,0.884955752,0.826798748,0.864600801,0.846184416,1.06621175,1.110798786,1.15150869,1.164109374,1.159262957,0.574785061,1.235836346,0.545706559,1.011931879,0.614525681,1.187372176,0.672682686
679.648,0.643174025,0.780720277,0.781688913,0.779751642,0.76909665,0.996726012,1.028690986,1.052906875,1.081965943,1.067436409,0.523063213,1.164299967,0.505627773,0.900831089,0.562777272,1.059687324,0.614114958
679.701,0.610511243,0.718874569,0.678238322,0.712101862,0.712101862,0.91238051,0.908510391,0.94624405,0.927860985,0.980107589,0.481829792,1.064282673,0.449901312,0.88045203,0.510855683,0.995588065,0.552459461
679.755,0.569119904,0.687605617,0.659440981,0.679836062,0.688576812,0.834255968,0.860478216,0.89252763,0.920692267,0.918749879,0.459374939,0.971194375,0.418584776,0.811918497,0.520560185,0.929433017,0.522502574
679.809,0.522221038,0.648174164,0.600699524,0.622014669,0.620076928,0.762500848,0.769282939,0.834197243,0.840010464,0.843885945,0.443742552,0.905893637,0.404018874,0.747967795,0.478621879,0.836134983,0.500905894
679.863,0.484242741,0.573343406,0.559784609,0.592713115,0.573343406,0.715710771,0.737017452,0.739922909,0.778662328,0.785441726,0.407732388,0.824181146,0.368024483,0.695372576,0.44162938,0.775756871,0.467778488
679.917,0.452326527,0.546278718,0.523032815,0.536592925,0.541435822,0.63926233,0.685754136,0.713842935,0.708031459,0.731277362,0.382588819,0.770020534,0.362248654,0.640230909,0.423269149,0.704157142,0.415520515
679.97,0.425074557,0.512219683,0.4928541,0.517061079,0.513187962,0.612920717,0.634222859,0.666176072,0.66811263,0.660366397,0.359231574,0.705875518,0.349548782,0.584840621,0.393121345,0.67973198,0.406677253
680.024,0.371264334,0.472077626,0.456567889,0.466261475,0.481771212,0.553503747,0.567074767,0.616512054,0.610695903,0.5990636,0.325704481,0.664010624,0.308256027,0.549626312,0.361570749,0.641715377,0.362540107
680.078,0.381076128,0.456709558,0.414044546,0.447012964,0.436346711,0.511980141,0.543009241,0.555614813,0.579856296,0.585674253,0.31804827,0.623490968,0.313199973,0.521676735,0.331623501,0.586643912,0.34713805
680.131,0.360755259,0.403425235,0.403425235,0.412153185,0.406334552,0.495553594,0.498462911,0.537253799,0.532404938,0.557619015,0.286082799,0.570226054,0.286082799,0.483916328,0.322934143,0.562467876,0.347178448
680.185,0.33397547,0.377537488,0.379473577,0.403674698,0.405610788,0.493702868,0.48595851,0.504351362,0.518872034,0.487894599,0.288477362,0.525648348,0.266212331,0.456917164,0.329135246,0.502415272,0.315582618
680.239,0.299224341,0.345705792,0.35054761,0.373788335,0.357326155,0.420269786,0.426079967,0.453194147,0.444478875,0.453194147,0.273078525,0.484181781,0.244027618,0.419301423,0.277920342,0.453194147,0.288572342
680.292,0.302228938,0.349694381,0.340976238,0.357443841,0.355506476,0.426220298,0.421376885,0.421376885,0.447531313,0.455280773,0.259606909,0.470779693,0.249920084,0.393285093,0.287698701,0.444625265,0.280917924
680.346,0.278842802,0.305952519,0.304016111,0.317570969,0.332094032,0.371790403,0.399868324,0.39890012,0.397931916,0.41051857,0.233337206,0.413423183,0.227527981,0.372758607,0.262383331,0.392122691,0.274001781
680.4,0.265493586,0.29746909,0.290686408,0.308127592,0.308127592,0.362389055,0.37595442,0.368202783,0.370140692,0.386612922,0.225766443,0.398240378,0.195728848,0.349792644,0.249021356,0.37789233,0.246114492
680.453,0.245981019,0.287623475,0.276002324,0.266318032,0.279876041,0.349602944,0.337981794,0.364129382,0.359287236,0.356381948,0.205306992,0.365097811,0.191748983,0.322486926,0.23242301,0.33023436,0.234359868
680.507,0.214878913,0.278761833,0.269082603,0.257467526,0.271018449,0.313607062,0.304895755,0.338773061,0.347484368,0.347484368,0.200360067,0.348452291,0.197456298,0.304895755,0.23617322,0.333933446,0.224558143
680.56,0.213596381,0.266995476,0.254373871,0.260199227,0.26117012,0.275733509,0.31262743,0.322336356,0.300976718,0.323307249,0.190294957,0.328161712,0.192236742,0.29418047,0.208741917,0.330103497,0.210683703
680.614,0.202540969,0.235490217,0.226768357,0.239366599,0.24130479,0.264563083,0.299450523,0.289759567,0.288790472,0.279099516,0.174437198,0.319801529,0.179282675,0.283944994,0.208355542,0.292666854,0.196726395
680.667,0.193713981,0.241173907,0.217928229,0.230519638,0.231488208,0.260545305,0.277010993,0.263451015,0.297350961,0.275073853,0.179185433,0.316722359,0.164656884,0.252796746,0.184996852,0.293476682,0.197588261
680.721,0.198863085,0.227965,0.221174553,0.237665638,0.233785383,0.245426149,0.255126787,0.248336341,0.269677745,0.267737617,0.180431872,0.279378383,0.193042702,0.259977106,0.197893021,0.263857362,0.196922958
680.774,0.199612403,0.222868217,0.216085271,0.218023256,0.234496124,0.245155039,0.243217054,0.253875969,0.273255814,0.256782946,0.162790698,0.275193798,0.160852713,0.230620155,0.185077519,0.263565891,0.186046512
680.828,0.169060891,0.205771256,0.201907007,0.19900882,0.214465816,0.237651309,0.240549496,0.238617372,0.253108305,0.240549496,0.165196642,0.258904679,0.157468144,0.224126438,0.170026953,0.242481621,0.184517887
680.881,0.173611111,0.187189634,0.19494879,0.193978895,0.189129423,0.218226257,0.225015518,0.225015518,0.223075729,0.239563935,0.165851955,0.259931719,0.153243327,0.225015518,0.165851955,0.243443513,0.160032588
680.935,0.157922783,0.166642445,0.186988325,0.171486703,0.182144068,0.21024076,0.201521097,0.227680085,0.186988325,0.209271908,0.153078525,0.23058664,0.14920312,0.182144068,0.152109674,0.213147314,0.166642445
680.988,0.151209677,0.174472705,0.167687655,0.163810484,0.169626241,0.201612903,0.201612903,0.197735732,0.208397953,0.204520782,0.146363213,0.220029467,0.125038772,0.195797146,0.15217897,0.204520782,0.174472705
